[[3]
 [6]
 [3]]
[[7]
 [4]
 [3]]
[[2]
 [6]
 [7]]
[[4]
 [7]
 [3]]
[[8]
 [7]
 [5]]
[[7]
 [4]
 [1]]
[[4]
 [0]
 [8]]
[[3]
 [4]
 [6]]
[[7]
 [5]
 [4]]
[[0]
 [5]
 [4]]
[[3]
 [0]
 [8]]
[[2]
 [0]
 [7]]
[[0]
 [3]
 [5]]
[[4]
 [2]
 [7]]
[[2]
 [5]
 [7]]
[[2]
 [7]
 [2]]
[[3]
 [2]
 [1]]
[[1]
 [5]
 [0]]
[[2]
 [3]
 [2]]
[[7]
 [2]
 [3]]
[[3]
 [6]
 [2]]
[[0]
 [6]
 [8]]
[[2]
 [7]
 [5]]
[[1]
 [4]
 [6]]
[[1]
 [3]
 [0]]
[[2]
 [6]
 [3]]
[[7]
 [8]
 [5]]
[[0]
 [5]
 [2]]
[[8]
 [7]
 [8]]
[[2]
 [7]
 [2]]
[[7]
 [3]
 [8]]
[[0]
 [4]
 [1]]
[[8]
 [7]
 [0]]
[[2]
 [0]
 [6]]
[[1]
 [1]
 [6]]
[[3]
 [3]
 [3]]
[[0]
 [6]
 [1]]
[[8]
 [8]
 [3]]
[[5]
 [2]
 [8]]
[[4]
 [1]
 [2]]
[[0]
 [2]
 [8]]
[[8]
 [1]
 [3]]
[[0]
 [0]
 [0]]
[[1]
 [6]
 [6]]
[[8]
 [0]
 [8]]
[[0]
 [3]
 [4]]
[[4]
 [3]
 [3]]
[[5]
 [7]
 [6]]
[[0]
 [0]
 [6]]
[[3]
 [4]
 [0]]
[[4]
 [0]
 [7]]
