[[6]
 [6]
 [0]]
[[3]
 [7]
 [7]]
[[0]
 [7]
 [8]]
[[8]
 [7]
 [8]]
[[8]
 [3]
 [6]]
[[8]
 [8]
 [6]]
[[0]
 [0]
 [3]]
[[5]
 [8]
 [3]]
[[2]
 [6]
 [8]]
[[7]
 [6]
 [2]]
[[3]
 [8]
 [8]]
[[0]
 [3]
 [8]]
[[3]
 [8]
 [6]]
[[3]
 [3]
 [3]]
[[7]
 [3]
 [3]]
[[8]
 [3]
 [0]]
[[8]
 [2]
 [8]]
[[3]
 [6]
 [8]]
[[8]
 [0]
 [3]]
[[8]
 [3]
 [2]]
[[3]
 [3]
 [3]]
[[2]
 [8]
 [0]]
[[0]
 [6]
 [2]]
[[0]
 [0]
 [0]]
[[0]
 [0]
 [0]]
[[0]
 [0]
 [0]]
[[0]
 [0]
 [0]]
[[0]
 [0]
 [0]]
[[0]
 [0]
 [0]]
[[0]
 [0]
 [0]]
[[0]
 [0]
 [0]]
[[0]
 [0]
 [0]]
[[0]
 [0]
 [0]]
[[0]
 [0]
 [0]]
[[0]
 [0]
 [0]]
[[0]
 [0]
 [0]]
[[0]
 [0]
 [0]]
[[0]
 [0]
 [0]]
[[0]
 [0]
 [0]]
[[0]
 [0]
 [0]]
[[0]
 [0]
 [0]]
[[0]
 [0]
 [0]]
[[0]
 [0]
 [0]]
[[0]
 [0]
 [0]]
[[0]
 [0]
 [0]]
[[0]
 [0]
 [0]]
[[0]
 [0]
 [0]]
[[0]
 [0]
 [0]]
[[0]
 [0]
 [0]]
[[0]
 [0]
 [0]]
[[0]
 [0]
 [0]]
